v1.0.0

left
4 5
 -1.4511412472637157    1.853423741791147    -0.3534237417911469  -0.04885875273628437   0.0                
 -0.8577143189081458    0.5731429567244373    0.4268570432755628  -0.14228568109185424   0.0                
 -0.16745485058828774  -0.4976354482351368    0.4976354482351368   0.16745485058828774   0.0                
  0.10270611134051243  -0.26245413264698597  -0.8288742701021167   1.0342864927831414   -0.04566420137455131

right
4 5
  0.04566420137455131  -1.0342864927831414    0.8288742701021167   0.26245413264698597  -0.10270611134051243
 -0.0                  -0.16745485058828774  -0.4976354482351368   0.4976354482351368    0.16745485058828774
 -0.0                   0.14228568109185424  -0.4268570432755628  -0.5731429567244373    0.8577143189081458 
 -0.0                   0.04885875273628437   0.3534237417911469  -1.853423741791147     1.4511412472637157

interior
4 -2
0.041666666666666664 -1.125 1.125 -0.041666666666666664
