v1.0.0

left
4 6
-1.7779989465546748     1.3337480247900155    0.7775013168066564   -0.33325039504199694   0.0                   0.0                
-0.44102173413920587   -0.17308424848898904   0.4487228323259927    0.1653831503022022    0.0                   0.0                
 0.17987932138827012   -0.27572572541507884  -0.9597948548284453    1.1171892610431817   -0.06154800218792766   0.0                
 0.015391138150708755   0.05688514555035906  -0.19989764645971708  -0.8628231468598346    1.0285385292191949   -0.03809401960071092

right
4 6
  0.03809401960071092  -1.0285385292191949    0.8628231468598346    0.19989764645971708  -0.05688514555035906  -0.015391138150708755
 -0.0                   0.06154800218792766  -1.1171892610431817    0.9597948548284453    0.27572572541507884  -0.17987932138827012 
 -0.0                  -0.0                  -0.1653831503022022   -0.4487228323259927    0.17308424848898904   0.44102173413920587 
 -0.0                  -0.0                   0.33325039504199694  -0.7775013168066564   -1.3337480247900155    1.7779989465546748 

interior
4 -1
0.041666666666666664 -1.125 1.125 -0.041666666666666664

