v1.0.0

left
4 4
0.344556397209992  0.0                  0.0                     0.0
0.0                0.43729008856459833  0.0                     0.0
0.0                0.0                  1.30569549651249        0.0
0.0                0.0                  0.0                     0.9124580177129197

right
4 4
0.9124580177129197  0.0               0.0                  0.0              
0.0                 1.30569549651249  0.0                  0.0              
0.0                 0.0               0.43729008856459833  0.0              
0.0                 0.0               0.0                  0.344556397209992

interior
1 0
1.0

