v1.0.0

left
4 4
0.2812150147607664 0.0                  0.0                     0.0
0.0                1.4480216223843674   0.0                     0.0
0.0                0.0                  0.6769783776156325      0.0
0.0                0.0                  0.0                     1.0937849852392336

right
4 4
1.0937849852392336  0.0                 0.0                 0.0               
0.0                 0.6769783776156325  0.0                 0.0               
0.0                 0.0                 1.4480216223843674  0.0               
0.0                 0.0                 0.0                 0.28121501476076644

interior
1 0
1.0

