v1.0.0

left
4 6
-1.411764705882353   1.735294117647059  -0.235294117647059  -0.088235294117647   0.000000000000000   0.000000000000000   0.000000000000000
-0.500000000000000   0.000000000000000   0.500000000000000   0.000000000000000   0.000000000000000   0.000000000000000   0.000000000000000
 0.093023255813953  -0.686046511627907   0.000000000000000   0.686046511627907  -0.093023255813953   0.000000000000000   0.000000000000000
 0.030612244897959   0.000000000000000  -0.602040816326531   0.000000000000000   0.653061224489796  -0.081632653061224   0.000000000000000

right
4 6
0.081632653061224  -0.653061224489796   0.000000000000000   0.602040816326531   0.000000000000000  -0.030612244897959
0.000000000000000   0.093023255813953  -0.686046511627907   0.000000000000000   0.686046511627907  -0.093023255813953
0.000000000000000   0.000000000000000   0.000000000000000  -0.500000000000000   0.000000000000000   0.500000000000000
0.000000000000000   0.000000000000000   0.088235294117647   0.235294117647059  -1.735294117647059   1.411764705882353

interior
5 -2
0.083333333333333  -0.666666666666667   0.000000000000000   0.666666666666667  -0.083333333333333
