v1.0.0

left
4 4
0.354166666666667   0.000000000000000   0.000000000000000   0.000000000000000
0.000000000000000   1.229166666666667   0.000000000000000   0.000000000000000
0.000000000000000   0.000000000000000   0.895833333333333   0.000000000000000
0.000000000000000   0.000000000000000   0.000000000000000   1.020833333333333

right
4 4
1.020833333333333   0.000000000000000   0.000000000000000   0.000000000000000
0.000000000000000   0.895833333333333   0.000000000000000   0.000000000000000
0.000000000000000   0.000000000000000   1.229166666666667   0.000000000000000
0.000000000000000   0.000000000000000   0.000000000000000   0.35416666666666

interior
1 0
1.0
